(kicad_pcb (version 20171130) (host pcbnew 5.0.2-bee76a0~70~ubuntu16.04.1)

  (general
    (thickness 1.6)
    (drawings 4)
    (tracks 6)
    (zones 0)
    (modules 13)
    (nets 150)
  )

  (page USLetter)
  (layers
    (0 F.Cu signal)
    (1 In1.Cu signal hide)
    (2 In2.Cu signal hide)
    (31 B.Cu signal hide)
    (33 F.Adhes user hide)
    (35 F.Paste user)
    (37 F.SilkS user)
    (39 F.Mask user hide)
    (40 Dwgs.User user hide)
    (41 Cmts.User user)
    (42 Eco1.User user)
    (43 Eco2.User user)
    (44 Edge.Cuts user)
    (45 Margin user hide)
    (46 B.CrtYd user)
    (47 F.CrtYd user hide)
    (49 F.Fab user hide)
  )

  (setup
    (last_trace_width 0.25)
    (trace_clearance 0.2)
    (zone_clearance 0.508)
    (zone_45_only no)
    (trace_min 0.2)
    (segment_width 0.2)
    (edge_width 0.15)
    (via_size 0.8)
    (via_drill 0.4)
    (via_min_size 0.4)
    (via_min_drill 0.3)
    (uvia_size 0.3)
    (uvia_drill 0.1)
    (uvias_allowed no)
    (uvia_min_size 0.2)
    (uvia_min_drill 0.1)
    (pcb_text_width 0.3)
    (pcb_text_size 1.5 1.5)
    (mod_edge_width 0.15)
    (mod_text_size 1 1)
    (mod_text_width 0.15)
    (pad_size 1.524 1.524)
    (pad_drill 0.762)
    (pad_to_mask_clearance 0.051)
    (solder_mask_min_width 0.25)
    (aux_axis_origin 0 0)
    (grid_origin 125.73 128.27)
    (visible_elements FFFFFF7F)
    (pcbplotparams
      (layerselection 0x010fc_ffffffff)
      (usegerberextensions false)
      (usegerberattributes false)
      (usegerberadvancedattributes false)
      (creategerberjobfile false)
      (excludeedgelayer true)
      (linewidth 0.100000)
      (plotframeref false)
      (viasonmask false)
      (mode 1)
      (useauxorigin false)
      (hpglpennumber 1)
      (hpglpenspeed 20)
      (hpglpendiameter 15.000000)
      (psnegative false)
      (psa4output false)
      (plotreference true)
      (plotvalue true)
      (plotinvisibletext false)
      (padsonsilk false)
      (subtractmaskfromsilk false)
      (outputformat 1)
      (mirror false)
      (drillshape 1)
      (scaleselection 1)
      (outputdirectory ""))
  )

  (net 0 "")
  (net 1 "Net-(U1-Pad1)")
  (net 2 "Net-(U1-Pad2)")
  (net 3 "Net-(U1-Pad3)")
  (net 4 "Net-(U1-Pad4)")
  (net 5 "Net-(U1-Pad5)")
  (net 6 "Net-(U1-Pad7)")
  (net 7 "Net-(U1-Pad8)")
  (net 8 "Net-(U1-Pad9)")
  (net 9 "Net-(U1-Pad10)")
  (net 10 "Net-(U1-Pad11)")
  (net 11 "Net-(U1-Pad12)")
  (net 12 "Net-(U1-Pad13)")
  (net 13 "Net-(U1-Pad14)")
  (net 14 "Net-(U1-Pad15)")
  (net 15 "Net-(U1-Pad16)")
  (net 16 "Net-(U1-Pad17)")
  (net 17 "Net-(U1-Pad18)")
  (net 18 "Net-(U1-Pad19)")
  (net 19 GND)
  (net 20 "Net-(U1-Pad22)")
  (net 21 "Net-(U1-Pad23)")
  (net 22 "Net-(U1-Pad24)")
  (net 23 "Net-(U1-Pad25)")
  (net 24 "Net-(U1-Pad26)")
  (net 25 "Net-(U1-Pad27)")
  (net 26 "Net-(U1-Pad29)")
  (net 27 "Net-(U1-Pad30)")
  (net 28 "Net-(U1-Pad31)")
  (net 29 "Net-(U1-Pad32)")
  (net 30 "Net-(U1-Pad33)")
  (net 31 "Net-(U1-Pad34)")
  (net 32 "Net-(U1-Pad35)")
  (net 33 "Net-(U1-Pad36)")
  (net 34 "Net-(U1-Pad37)")
  (net 35 "Net-(U1-Pad38)")
  (net 36 "Net-(U1-Pad39)")
  (net 37 "Net-(U1-Pad40)")
  (net 38 "Net-(U1-Pad41)")
  (net 39 "Net-(U1-Pad42)")
  (net 40 "Net-(U1-Pad43)")
  (net 41 "Net-(U1-Pad44)")
  (net 42 "Net-(U1-Pad45)")
  (net 43 "Net-(U1-Pad46)")
  (net 44 "Net-(U1-Pad47)")
  (net 45 "Net-(U1-Pad48)")
  (net 46 "Net-(U1-Pad52)")
  (net 47 "Net-(U1-Pad53)")
  (net 48 "Net-(U1-Pad54)")
  (net 49 "Net-(U1-Pad55)")
  (net 50 "Net-(U1-Pad56)")
  (net 51 "Net-(U1-Pad57)")
  (net 52 "Net-(U1-Pad58)")
  (net 53 "Net-(U1-Pad59)")
  (net 54 "Net-(U1-Pad60)")
  (net 55 "Net-(U1-Pad61)")
  (net 56 "Net-(U1-Pad62)")
  (net 57 "Net-(U1-Pad63)")
  (net 58 "Net-(U1-Pad64)")
  (net 59 "Net-(U1-Pad65)")
  (net 60 "Net-(U1-Pad66)")
  (net 61 "Net-(U1-Pad67)")
  (net 62 "Net-(U1-Pad68)")
  (net 63 "Net-(U1-Pad69)")
  (net 64 "Net-(U1-Pad70)")
  (net 65 "Net-(U1-Pad71)")
  (net 66 "Net-(U1-Pad72)")
  (net 67 "Net-(U1-Pad73)")
  (net 68 "Net-(U1-Pad76)")
  (net 69 "Net-(U1-Pad77)")
  (net 70 "Net-(U1-Pad78)")
  (net 71 "Net-(U1-Pad79)")
  (net 72 "Net-(U1-Pad80)")
  (net 73 "Net-(U1-Pad81)")
  (net 74 "Net-(U1-Pad82)")
  (net 75 "Net-(U1-Pad83)")
  (net 76 "Net-(U1-Pad84)")
  (net 77 "Net-(U1-Pad85)")
  (net 78 "Net-(U1-Pad86)")
  (net 79 "Net-(U1-Pad87)")
  (net 80 "Net-(U1-Pad88)")
  (net 81 "Net-(U1-Pad89)")
  (net 82 "Net-(U1-Pad90)")
  (net 83 "Net-(U1-Pad91)")
  (net 84 "Net-(U1-Pad92)")
  (net 85 "Net-(U1-Pad93)")
  (net 86 "Net-(U1-Pad94)")
  (net 87 "Net-(U1-Pad95)")
  (net 88 "Net-(U1-Pad96)")
  (net 89 "Net-(U1-Pad97)")
  (net 90 "Net-(U1-Pad98)")
  (net 91 +12V)
  (net 92 +3V3)
  (net 93 -12V)
  (net 94 "Net-(J2-Pad4)")
  (net 95 "Net-(J2-Pad6)")
  (net 96 "Net-(J2-Pad7)")
  (net 97 "Net-(J2-Pad8)")
  (net 98 "Net-(J2-Pad9)")
  (net 99 "Net-(J2-Pad10)")
  (net 100 "Net-(J2-Pad11)")
  (net 101 "Net-(J2-Pad12)")
  (net 102 "Net-(J2-Pad13)")
  (net 103 "Net-(J2-Pad14)")
  (net 104 "Net-(J2-Pad15)")
  (net 105 "Net-(J2-Pad16)")
  (net 106 "Net-(J2-Pad17)")
  (net 107 "Net-(J2-Pad18)")
  (net 108 "Net-(J2-Pad19)")
  (net 109 "Net-(J2-Pad20)")
  (net 110 "Net-(J2-Pad21)")
  (net 111 "Net-(J2-Pad22)")
  (net 112 "Net-(J2-Pad23)")
  (net 113 "Net-(J2-Pad24)")
  (net 114 "Net-(J2-Pad25)")
  (net 115 "Net-(J2-Pad26)")
  (net 116 "Net-(J2-Pad27)")
  (net 117 "Net-(J2-Pad28)")
  (net 118 "Net-(J2-Pad29)")
  (net 119 "Net-(J2-Pad30)")
  (net 120 "Net-(J2-Pad31)")
  (net 121 "Net-(J2-Pad32)")
  (net 122 "Net-(J2-Pad33)")
  (net 123 "Net-(J2-Pad34)")
  (net 124 "Net-(J2-Pad35)")
  (net 125 "Net-(J2-Pad36)")
  (net 126 "Net-(J2-Pad37)")
  (net 127 "Net-(J2-Pad38)")
  (net 128 "Net-(J2-Pad39)")
  (net 129 "Net-(J2-Pad40)")
  (net 130 "Net-(J2-Pad41)")
  (net 131 "Net-(J2-Pad42)")
  (net 132 "Net-(J2-Pad43)")
  (net 133 "Net-(J2-Pad44)")
  (net 134 "Net-(J2-Pad45)")
  (net 135 "Net-(J2-Pad46)")
  (net 136 "Net-(J2-Pad47)")
  (net 137 "Net-(J2-Pad48)")
  (net 138 "Net-(J2-Pad49)")
  (net 139 "Net-(J2-Pad50)")
  (net 140 "Net-(J2-Pad51)")
  (net 141 "Net-(J2-Pad52)")
  (net 142 "Net-(J2-Pad53)")
  (net 143 "Net-(J2-Pad54)")
  (net 144 "Net-(J2-Pad55)")
  (net 145 "Net-(J2-Pad56)")
  (net 146 "Net-(J2-Pad57)")
  (net 147 "Net-(J2-Pad58)")
  (net 148 "Net-(J2-Pad59)")
  (net 149 "Net-(J2-Pad60)")

  (net_class Default "This is the default net class."
    (clearance 0.2)
    (trace_width 0.25)
    (via_dia 0.8)
    (via_drill 0.4)
    (uvia_dia 0.3)
    (uvia_drill 0.1)
    (add_net +12V)
    (add_net +3V3)
    (add_net -12V)
    (add_net GND)
    (add_net "Net-(J2-Pad10)")
    (add_net "Net-(J2-Pad11)")
    (add_net "Net-(J2-Pad12)")
    (add_net "Net-(J2-Pad13)")
    (add_net "Net-(J2-Pad14)")
    (add_net "Net-(J2-Pad15)")
    (add_net "Net-(J2-Pad16)")
    (add_net "Net-(J2-Pad17)")
    (add_net "Net-(J2-Pad18)")
    (add_net "Net-(J2-Pad19)")
    (add_net "Net-(J2-Pad20)")
    (add_net "Net-(J2-Pad21)")
    (add_net "Net-(J2-Pad22)")
    (add_net "Net-(J2-Pad23)")
    (add_net "Net-(J2-Pad24)")
    (add_net "Net-(J2-Pad25)")
    (add_net "Net-(J2-Pad26)")
    (add_net "Net-(J2-Pad27)")
    (add_net "Net-(J2-Pad28)")
    (add_net "Net-(J2-Pad29)")
    (add_net "Net-(J2-Pad30)")
    (add_net "Net-(J2-Pad31)")
    (add_net "Net-(J2-Pad32)")
    (add_net "Net-(J2-Pad33)")
    (add_net "Net-(J2-Pad34)")
    (add_net "Net-(J2-Pad35)")
    (add_net "Net-(J2-Pad36)")
    (add_net "Net-(J2-Pad37)")
    (add_net "Net-(J2-Pad38)")
    (add_net "Net-(J2-Pad39)")
    (add_net "Net-(J2-Pad4)")
    (add_net "Net-(J2-Pad40)")
    (add_net "Net-(J2-Pad41)")
    (add_net "Net-(J2-Pad42)")
    (add_net "Net-(J2-Pad43)")
    (add_net "Net-(J2-Pad44)")
    (add_net "Net-(J2-Pad45)")
    (add_net "Net-(J2-Pad46)")
    (add_net "Net-(J2-Pad47)")
    (add_net "Net-(J2-Pad48)")
    (add_net "Net-(J2-Pad49)")
    (add_net "Net-(J2-Pad50)")
    (add_net "Net-(J2-Pad51)")
    (add_net "Net-(J2-Pad52)")
    (add_net "Net-(J2-Pad53)")
    (add_net "Net-(J2-Pad54)")
    (add_net "Net-(J2-Pad55)")
    (add_net "Net-(J2-Pad56)")
    (add_net "Net-(J2-Pad57)")
    (add_net "Net-(J2-Pad58)")
    (add_net "Net-(J2-Pad59)")
    (add_net "Net-(J2-Pad6)")
    (add_net "Net-(J2-Pad60)")
    (add_net "Net-(J2-Pad7)")
    (add_net "Net-(J2-Pad8)")
    (add_net "Net-(J2-Pad9)")
    (add_net "Net-(U1-Pad1)")
    (add_net "Net-(U1-Pad10)")
    (add_net "Net-(U1-Pad11)")
    (add_net "Net-(U1-Pad12)")
    (add_net "Net-(U1-Pad13)")
    (add_net "Net-(U1-Pad14)")
    (add_net "Net-(U1-Pad15)")
    (add_net "Net-(U1-Pad16)")
    (add_net "Net-(U1-Pad17)")
    (add_net "Net-(U1-Pad18)")
    (add_net "Net-(U1-Pad19)")
    (add_net "Net-(U1-Pad2)")
    (add_net "Net-(U1-Pad22)")
    (add_net "Net-(U1-Pad23)")
    (add_net "Net-(U1-Pad24)")
    (add_net "Net-(U1-Pad25)")
    (add_net "Net-(U1-Pad26)")
    (add_net "Net-(U1-Pad27)")
    (add_net "Net-(U1-Pad29)")
    (add_net "Net-(U1-Pad3)")
    (add_net "Net-(U1-Pad30)")
    (add_net "Net-(U1-Pad31)")
    (add_net "Net-(U1-Pad32)")
    (add_net "Net-(U1-Pad33)")
    (add_net "Net-(U1-Pad34)")
    (add_net "Net-(U1-Pad35)")
    (add_net "Net-(U1-Pad36)")
    (add_net "Net-(U1-Pad37)")
    (add_net "Net-(U1-Pad38)")
    (add_net "Net-(U1-Pad39)")
    (add_net "Net-(U1-Pad4)")
    (add_net "Net-(U1-Pad40)")
    (add_net "Net-(U1-Pad41)")
    (add_net "Net-(U1-Pad42)")
    (add_net "Net-(U1-Pad43)")
    (add_net "Net-(U1-Pad44)")
    (add_net "Net-(U1-Pad45)")
    (add_net "Net-(U1-Pad46)")
    (add_net "Net-(U1-Pad47)")
    (add_net "Net-(U1-Pad48)")
    (add_net "Net-(U1-Pad5)")
    (add_net "Net-(U1-Pad52)")
    (add_net "Net-(U1-Pad53)")
    (add_net "Net-(U1-Pad54)")
    (add_net "Net-(U1-Pad55)")
    (add_net "Net-(U1-Pad56)")
    (add_net "Net-(U1-Pad57)")
    (add_net "Net-(U1-Pad58)")
    (add_net "Net-(U1-Pad59)")
    (add_net "Net-(U1-Pad60)")
    (add_net "Net-(U1-Pad61)")
    (add_net "Net-(U1-Pad62)")
    (add_net "Net-(U1-Pad63)")
    (add_net "Net-(U1-Pad64)")
    (add_net "Net-(U1-Pad65)")
    (add_net "Net-(U1-Pad66)")
    (add_net "Net-(U1-Pad67)")
    (add_net "Net-(U1-Pad68)")
    (add_net "Net-(U1-Pad69)")
    (add_net "Net-(U1-Pad7)")
    (add_net "Net-(U1-Pad70)")
    (add_net "Net-(U1-Pad71)")
    (add_net "Net-(U1-Pad72)")
    (add_net "Net-(U1-Pad73)")
    (add_net "Net-(U1-Pad76)")
    (add_net "Net-(U1-Pad77)")
    (add_net "Net-(U1-Pad78)")
    (add_net "Net-(U1-Pad79)")
    (add_net "Net-(U1-Pad8)")
    (add_net "Net-(U1-Pad80)")
    (add_net "Net-(U1-Pad81)")
    (add_net "Net-(U1-Pad82)")
    (add_net "Net-(U1-Pad83)")
    (add_net "Net-(U1-Pad84)")
    (add_net "Net-(U1-Pad85)")
    (add_net "Net-(U1-Pad86)")
    (add_net "Net-(U1-Pad87)")
    (add_net "Net-(U1-Pad88)")
    (add_net "Net-(U1-Pad89)")
    (add_net "Net-(U1-Pad9)")
    (add_net "Net-(U1-Pad90)")
    (add_net "Net-(U1-Pad91)")
    (add_net "Net-(U1-Pad92)")
    (add_net "Net-(U1-Pad93)")
    (add_net "Net-(U1-Pad94)")
    (add_net "Net-(U1-Pad95)")
    (add_net "Net-(U1-Pad96)")
    (add_net "Net-(U1-Pad97)")
    (add_net "Net-(U1-Pad98)")
  )

  (module Capacitor_SMD:C_0603_1608Metric (layer F.Cu) (tedit 5B301BBE) (tstamp 5C31F621)
    (at 147.32 71.12 180)
    (descr "Capacitor SMD 0603 (1608 Metric), square (rectangular) end terminal, IPC_7351 nominal, (Body size source: http://www.tortai-tech.com/upload/download/2011102023233369053.pdf), generated with kicad-footprint-generator")
    (tags capacitor)
    (path /5C243A21/5C25911D)
    (attr smd)
    (fp_text reference C9 (at 0 -1.43 180) (layer F.SilkS)
      (effects (font (size 1 1) (thickness 0.15)))
    )
    (fp_text value "1uF 6.3V" (at 0 1.43 180) (layer F.Fab)
      (effects (font (size 1 1) (thickness 0.15)))
    )
    (fp_line (start -0.8 0.4) (end -0.8 -0.4) (layer F.Fab) (width 0.1))
    (fp_line (start -0.8 -0.4) (end 0.8 -0.4) (layer F.Fab) (width 0.1))
    (fp_line (start 0.8 -0.4) (end 0.8 0.4) (layer F.Fab) (width 0.1))
    (fp_line (start 0.8 0.4) (end -0.8 0.4) (layer F.Fab) (width 0.1))
    (fp_line (start -0.162779 -0.51) (end 0.162779 -0.51) (layer F.SilkS) (width 0.12))
    (fp_line (start -0.162779 0.51) (end 0.162779 0.51) (layer F.SilkS) (width 0.12))
    (fp_line (start -1.48 0.73) (end -1.48 -0.73) (layer F.CrtYd) (width 0.05))
    (fp_line (start -1.48 -0.73) (end 1.48 -0.73) (layer F.CrtYd) (width 0.05))
    (fp_line (start 1.48 -0.73) (end 1.48 0.73) (layer F.CrtYd) (width 0.05))
    (fp_line (start 1.48 0.73) (end -1.48 0.73) (layer F.CrtYd) (width 0.05))
    (fp_text user %R (at 0 0 180) (layer F.Fab)
      (effects (font (size 0.4 0.4) (thickness 0.06)))
    )
    (pad 1 smd roundrect (at -0.7875 0 180) (size 0.875 0.95) (layers F.Cu F.Paste F.Mask) (roundrect_rratio 0.25)
      (net 92 +3V3))
    (pad 2 smd roundrect (at 0.7875 0 180) (size 0.875 0.95) (layers F.Cu F.Paste F.Mask) (roundrect_rratio 0.25)
      (net 19 GND))
    (model ${KISYS3DMOD}/Capacitor_SMD.3dshapes/C_0603_1608Metric.wrl
      (at (xyz 0 0 0))
      (scale (xyz 1 1 1))
      (rotate (xyz 0 0 0))
    )
  )

  (module Capacitor_SMD:C_0603_1608Metric (layer F.Cu) (tedit 5B301BBE) (tstamp 5C31F610)
    (at 152.4 55.88 90)
    (descr "Capacitor SMD 0603 (1608 Metric), square (rectangular) end terminal, IPC_7351 nominal, (Body size source: http://www.tortai-tech.com/upload/download/2011102023233369053.pdf), generated with kicad-footprint-generator")
    (tags capacitor)
    (path /5C243A21/5C258480)
    (attr smd)
    (fp_text reference C8 (at 0 -1.43 90) (layer F.SilkS)
      (effects (font (size 1 1) (thickness 0.15)))
    )
    (fp_text value "1uF 6.3V" (at 0 1.43 90) (layer F.Fab)
      (effects (font (size 1 1) (thickness 0.15)))
    )
    (fp_text user %R (at 0 0 90) (layer F.Fab)
      (effects (font (size 0.4 0.4) (thickness 0.06)))
    )
    (fp_line (start 1.48 0.73) (end -1.48 0.73) (layer F.CrtYd) (width 0.05))
    (fp_line (start 1.48 -0.73) (end 1.48 0.73) (layer F.CrtYd) (width 0.05))
    (fp_line (start -1.48 -0.73) (end 1.48 -0.73) (layer F.CrtYd) (width 0.05))
    (fp_line (start -1.48 0.73) (end -1.48 -0.73) (layer F.CrtYd) (width 0.05))
    (fp_line (start -0.162779 0.51) (end 0.162779 0.51) (layer F.SilkS) (width 0.12))
    (fp_line (start -0.162779 -0.51) (end 0.162779 -0.51) (layer F.SilkS) (width 0.12))
    (fp_line (start 0.8 0.4) (end -0.8 0.4) (layer F.Fab) (width 0.1))
    (fp_line (start 0.8 -0.4) (end 0.8 0.4) (layer F.Fab) (width 0.1))
    (fp_line (start -0.8 -0.4) (end 0.8 -0.4) (layer F.Fab) (width 0.1))
    (fp_line (start -0.8 0.4) (end -0.8 -0.4) (layer F.Fab) (width 0.1))
    (pad 2 smd roundrect (at 0.7875 0 90) (size 0.875 0.95) (layers F.Cu F.Paste F.Mask) (roundrect_rratio 0.25)
      (net 19 GND))
    (pad 1 smd roundrect (at -0.7875 0 90) (size 0.875 0.95) (layers F.Cu F.Paste F.Mask) (roundrect_rratio 0.25)
      (net 92 +3V3))
    (model ${KISYS3DMOD}/Capacitor_SMD.3dshapes/C_0603_1608Metric.wrl
      (at (xyz 0 0 0))
      (scale (xyz 1 1 1))
      (rotate (xyz 0 0 0))
    )
  )

  (module Capacitor_SMD:C_0603_1608Metric (layer F.Cu) (tedit 5B301BBE) (tstamp 5C31F6E4)
    (at 165.1 78.74 270)
    (descr "Capacitor SMD 0603 (1608 Metric), square (rectangular) end terminal, IPC_7351 nominal, (Body size source: http://www.tortai-tech.com/upload/download/2011102023233369053.pdf), generated with kicad-footprint-generator")
    (tags capacitor)
    (path /5C243A21/5C258884)
    (attr smd)
    (fp_text reference C7 (at 0 -1.43 270) (layer F.SilkS)
      (effects (font (size 1 1) (thickness 0.15)))
    )
    (fp_text value "1uF 6.3V" (at 0 1.43 270) (layer F.Fab)
      (effects (font (size 1 1) (thickness 0.15)))
    )
    (fp_text user %R (at 0 0 270) (layer F.Fab)
      (effects (font (size 0.4 0.4) (thickness 0.06)))
    )
    (fp_line (start 1.48 0.73) (end -1.48 0.73) (layer F.CrtYd) (width 0.05))
    (fp_line (start 1.48 -0.73) (end 1.48 0.73) (layer F.CrtYd) (width 0.05))
    (fp_line (start -1.48 -0.73) (end 1.48 -0.73) (layer F.CrtYd) (width 0.05))
    (fp_line (start -1.48 0.73) (end -1.48 -0.73) (layer F.CrtYd) (width 0.05))
    (fp_line (start -0.162779 0.51) (end 0.162779 0.51) (layer F.SilkS) (width 0.12))
    (fp_line (start -0.162779 -0.51) (end 0.162779 -0.51) (layer F.SilkS) (width 0.12))
    (fp_line (start 0.8 0.4) (end -0.8 0.4) (layer F.Fab) (width 0.1))
    (fp_line (start 0.8 -0.4) (end 0.8 0.4) (layer F.Fab) (width 0.1))
    (fp_line (start -0.8 -0.4) (end 0.8 -0.4) (layer F.Fab) (width 0.1))
    (fp_line (start -0.8 0.4) (end -0.8 -0.4) (layer F.Fab) (width 0.1))
    (pad 2 smd roundrect (at 0.7875 0 270) (size 0.875 0.95) (layers F.Cu F.Paste F.Mask) (roundrect_rratio 0.25)
      (net 19 GND))
    (pad 1 smd roundrect (at -0.7875 0 270) (size 0.875 0.95) (layers F.Cu F.Paste F.Mask) (roundrect_rratio 0.25)
      (net 92 +3V3))
    (model ${KISYS3DMOD}/Capacitor_SMD.3dshapes/C_0603_1608Metric.wrl
      (at (xyz 0 0 0))
      (scale (xyz 1 1 1))
      (rotate (xyz 0 0 0))
    )
  )

  (module Capacitor_SMD:C_0603_1608Metric (layer F.Cu) (tedit 5B301BBE) (tstamp 5C31F5EE)
    (at 170.18 60.96)
    (descr "Capacitor SMD 0603 (1608 Metric), square (rectangular) end terminal, IPC_7351 nominal, (Body size source: http://www.tortai-tech.com/upload/download/2011102023233369053.pdf), generated with kicad-footprint-generator")
    (tags capacitor)
    (path /5C243A21/5C25663A)
    (attr smd)
    (fp_text reference C6 (at 0 -1.43) (layer F.SilkS)
      (effects (font (size 1 1) (thickness 0.15)))
    )
    (fp_text value "1uF 6.3V" (at 0 1.43) (layer F.Fab)
      (effects (font (size 1 1) (thickness 0.15)))
    )
    (fp_text user %R (at 0 0) (layer F.Fab)
      (effects (font (size 0.4 0.4) (thickness 0.06)))
    )
    (fp_line (start 1.48 0.73) (end -1.48 0.73) (layer F.CrtYd) (width 0.05))
    (fp_line (start 1.48 -0.73) (end 1.48 0.73) (layer F.CrtYd) (width 0.05))
    (fp_line (start -1.48 -0.73) (end 1.48 -0.73) (layer F.CrtYd) (width 0.05))
    (fp_line (start -1.48 0.73) (end -1.48 -0.73) (layer F.CrtYd) (width 0.05))
    (fp_line (start -0.162779 0.51) (end 0.162779 0.51) (layer F.SilkS) (width 0.12))
    (fp_line (start -0.162779 -0.51) (end 0.162779 -0.51) (layer F.SilkS) (width 0.12))
    (fp_line (start 0.8 0.4) (end -0.8 0.4) (layer F.Fab) (width 0.1))
    (fp_line (start 0.8 -0.4) (end 0.8 0.4) (layer F.Fab) (width 0.1))
    (fp_line (start -0.8 -0.4) (end 0.8 -0.4) (layer F.Fab) (width 0.1))
    (fp_line (start -0.8 0.4) (end -0.8 -0.4) (layer F.Fab) (width 0.1))
    (pad 2 smd roundrect (at 0.7875 0) (size 0.875 0.95) (layers F.Cu F.Paste F.Mask) (roundrect_rratio 0.25)
      (net 19 GND))
    (pad 1 smd roundrect (at -0.7875 0) (size 0.875 0.95) (layers F.Cu F.Paste F.Mask) (roundrect_rratio 0.25)
      (net 92 +3V3))
    (model ${KISYS3DMOD}/Capacitor_SMD.3dshapes/C_0603_1608Metric.wrl
      (at (xyz 0 0 0))
      (scale (xyz 1 1 1))
      (rotate (xyz 0 0 0))
    )
  )

  (module Capacitor_SMD:C_0603_1608Metric (layer F.Cu) (tedit 5B301BBE) (tstamp 5C31F5DD)
    (at 153.67 78.74 270)
    (descr "Capacitor SMD 0603 (1608 Metric), square (rectangular) end terminal, IPC_7351 nominal, (Body size source: http://www.tortai-tech.com/upload/download/2011102023233369053.pdf), generated with kicad-footprint-generator")
    (tags capacitor)
    (path /5C243A21/5C259599)
    (attr smd)
    (fp_text reference C5 (at 0 1.27 270) (layer F.SilkS)
      (effects (font (size 1 1) (thickness 0.15)))
    )
    (fp_text value "1uF 6.3V" (at 0 1.43 270) (layer F.Fab)
      (effects (font (size 1 1) (thickness 0.15)))
    )
    (fp_text user %R (at 0 0 270) (layer F.Fab)
      (effects (font (size 0.4 0.4) (thickness 0.06)))
    )
    (fp_line (start 1.48 0.73) (end -1.48 0.73) (layer F.CrtYd) (width 0.05))
    (fp_line (start 1.48 -0.73) (end 1.48 0.73) (layer F.CrtYd) (width 0.05))
    (fp_line (start -1.48 -0.73) (end 1.48 -0.73) (layer F.CrtYd) (width 0.05))
    (fp_line (start -1.48 0.73) (end -1.48 -0.73) (layer F.CrtYd) (width 0.05))
    (fp_line (start -0.162779 0.51) (end 0.162779 0.51) (layer F.SilkS) (width 0.12))
    (fp_line (start -0.162779 -0.51) (end 0.162779 -0.51) (layer F.SilkS) (width 0.12))
    (fp_line (start 0.8 0.4) (end -0.8 0.4) (layer F.Fab) (width 0.1))
    (fp_line (start 0.8 -0.4) (end 0.8 0.4) (layer F.Fab) (width 0.1))
    (fp_line (start -0.8 -0.4) (end 0.8 -0.4) (layer F.Fab) (width 0.1))
    (fp_line (start -0.8 0.4) (end -0.8 -0.4) (layer F.Fab) (width 0.1))
    (pad 2 smd roundrect (at 0.7875 0 270) (size 0.875 0.95) (layers F.Cu F.Paste F.Mask) (roundrect_rratio 0.25)
      (net 19 GND))
    (pad 1 smd roundrect (at -0.7875 0 270) (size 0.875 0.95) (layers F.Cu F.Paste F.Mask) (roundrect_rratio 0.25)
      (net 92 +3V3))
    (model ${KISYS3DMOD}/Capacitor_SMD.3dshapes/C_0603_1608Metric.wrl
      (at (xyz 0 0 0))
      (scale (xyz 1 1 1))
      (rotate (xyz 0 0 0))
    )
  )

  (module Capacitor_SMD:C_0603_1608Metric (layer F.Cu) (tedit 5B301BBE) (tstamp 5C31F5CC)
    (at 168.91 74.93 270)
    (descr "Capacitor SMD 0603 (1608 Metric), square (rectangular) end terminal, IPC_7351 nominal, (Body size source: http://www.tortai-tech.com/upload/download/2011102023233369053.pdf), generated with kicad-footprint-generator")
    (tags capacitor)
    (path /5C243A21/5C258172)
    (attr smd)
    (fp_text reference C4 (at 0 -1.43 270) (layer F.SilkS)
      (effects (font (size 1 1) (thickness 0.15)))
    )
    (fp_text value "1uF 6.3V" (at 0 1.43 270) (layer F.Fab)
      (effects (font (size 1 1) (thickness 0.15)))
    )
    (fp_line (start -0.8 0.4) (end -0.8 -0.4) (layer F.Fab) (width 0.1))
    (fp_line (start -0.8 -0.4) (end 0.8 -0.4) (layer F.Fab) (width 0.1))
    (fp_line (start 0.8 -0.4) (end 0.8 0.4) (layer F.Fab) (width 0.1))
    (fp_line (start 0.8 0.4) (end -0.8 0.4) (layer F.Fab) (width 0.1))
    (fp_line (start -0.162779 -0.51) (end 0.162779 -0.51) (layer F.SilkS) (width 0.12))
    (fp_line (start -0.162779 0.51) (end 0.162779 0.51) (layer F.SilkS) (width 0.12))
    (fp_line (start -1.48 0.73) (end -1.48 -0.73) (layer F.CrtYd) (width 0.05))
    (fp_line (start -1.48 -0.73) (end 1.48 -0.73) (layer F.CrtYd) (width 0.05))
    (fp_line (start 1.48 -0.73) (end 1.48 0.73) (layer F.CrtYd) (width 0.05))
    (fp_line (start 1.48 0.73) (end -1.48 0.73) (layer F.CrtYd) (width 0.05))
    (fp_text user %R (at 0 0 270) (layer F.Fab)
      (effects (font (size 0.4 0.4) (thickness 0.06)))
    )
    (pad 1 smd roundrect (at -0.7875 0 270) (size 0.875 0.95) (layers F.Cu F.Paste F.Mask) (roundrect_rratio 0.25)
      (net 92 +3V3))
    (pad 2 smd roundrect (at 0.7875 0 270) (size 0.875 0.95) (layers F.Cu F.Paste F.Mask) (roundrect_rratio 0.25)
      (net 19 GND))
    (model ${KISYS3DMOD}/Capacitor_SMD.3dshapes/C_0603_1608Metric.wrl
      (at (xyz 0 0 0))
      (scale (xyz 1 1 1))
      (rotate (xyz 0 0 0))
    )
  )

  (module Connector_PinHeader_2.54mm:PinHeader_2x30_P2.54mm_Vertical (layer B.Cu) (tedit 59FED5CC) (tstamp 5C31E5D5)
    (at 132.08 114.3)
    (descr "Through hole straight pin header, 2x30, 2.54mm pitch, double rows")
    (tags "Through hole pin header THT 2x30 2.54mm double row")
    (path /5C255323)
    (fp_text reference J2 (at 1.27 2.33) (layer B.SilkS)
      (effects (font (size 1 1) (thickness 0.15)) (justify mirror))
    )
    (fp_text value Conn_02x30_Odd_Even (at 1.27 -75.99) (layer B.Fab)
      (effects (font (size 1 1) (thickness 0.15)) (justify mirror))
    )
    (fp_line (start 0 1.27) (end 3.81 1.27) (layer B.Fab) (width 0.1))
    (fp_line (start 3.81 1.27) (end 3.81 -74.93) (layer B.Fab) (width 0.1))
    (fp_line (start 3.81 -74.93) (end -1.27 -74.93) (layer B.Fab) (width 0.1))
    (fp_line (start -1.27 -74.93) (end -1.27 0) (layer B.Fab) (width 0.1))
    (fp_line (start -1.27 0) (end 0 1.27) (layer B.Fab) (width 0.1))
    (fp_line (start -1.33 -74.99) (end 3.87 -74.99) (layer B.SilkS) (width 0.12))
    (fp_line (start -1.33 -1.27) (end -1.33 -74.99) (layer B.SilkS) (width 0.12))
    (fp_line (start 3.87 1.33) (end 3.87 -74.99) (layer B.SilkS) (width 0.12))
    (fp_line (start -1.33 -1.27) (end 1.27 -1.27) (layer B.SilkS) (width 0.12))
    (fp_line (start 1.27 -1.27) (end 1.27 1.33) (layer B.SilkS) (width 0.12))
    (fp_line (start 1.27 1.33) (end 3.87 1.33) (layer B.SilkS) (width 0.12))
    (fp_line (start -1.33 0) (end -1.33 1.33) (layer B.SilkS) (width 0.12))
    (fp_line (start -1.33 1.33) (end 0 1.33) (layer B.SilkS) (width 0.12))
    (fp_line (start -1.8 1.8) (end -1.8 -75.45) (layer B.CrtYd) (width 0.05))
    (fp_line (start -1.8 -75.45) (end 4.35 -75.45) (layer B.CrtYd) (width 0.05))
    (fp_line (start 4.35 -75.45) (end 4.35 1.8) (layer B.CrtYd) (width 0.05))
    (fp_line (start 4.35 1.8) (end -1.8 1.8) (layer B.CrtYd) (width 0.05))
    (fp_text user %R (at 1.27 -36.83 -90) (layer B.Fab)
      (effects (font (size 1 1) (thickness 0.15)) (justify mirror))
    )
    (pad 1 thru_hole rect (at 0 0) (size 1.7 1.7) (drill 1) (layers *.Cu *.Mask)
      (net 92 +3V3))
    (pad 2 thru_hole oval (at 2.54 0) (size 1.7 1.7) (drill 1) (layers *.Cu *.Mask)
      (net 19 GND))
    (pad 3 thru_hole oval (at 0 -2.54) (size 1.7 1.7) (drill 1) (layers *.Cu *.Mask)
      (net 91 +12V))
    (pad 4 thru_hole oval (at 2.54 -2.54) (size 1.7 1.7) (drill 1) (layers *.Cu *.Mask)
      (net 94 "Net-(J2-Pad4)"))
    (pad 5 thru_hole oval (at 0 -5.08) (size 1.7 1.7) (drill 1) (layers *.Cu *.Mask)
      (net 93 -12V))
    (pad 6 thru_hole oval (at 2.54 -5.08) (size 1.7 1.7) (drill 1) (layers *.Cu *.Mask)
      (net 95 "Net-(J2-Pad6)"))
    (pad 7 thru_hole oval (at 0 -7.62) (size 1.7 1.7) (drill 1) (layers *.Cu *.Mask)
      (net 96 "Net-(J2-Pad7)"))
    (pad 8 thru_hole oval (at 2.54 -7.62) (size 1.7 1.7) (drill 1) (layers *.Cu *.Mask)
      (net 97 "Net-(J2-Pad8)"))
    (pad 9 thru_hole oval (at 0 -10.16) (size 1.7 1.7) (drill 1) (layers *.Cu *.Mask)
      (net 98 "Net-(J2-Pad9)"))
    (pad 10 thru_hole oval (at 2.54 -10.16) (size 1.7 1.7) (drill 1) (layers *.Cu *.Mask)
      (net 99 "Net-(J2-Pad10)"))
    (pad 11 thru_hole oval (at 0 -12.7) (size 1.7 1.7) (drill 1) (layers *.Cu *.Mask)
      (net 100 "Net-(J2-Pad11)"))
    (pad 12 thru_hole oval (at 2.54 -12.7) (size 1.7 1.7) (drill 1) (layers *.Cu *.Mask)
      (net 101 "Net-(J2-Pad12)"))
    (pad 13 thru_hole oval (at 0 -15.24) (size 1.7 1.7) (drill 1) (layers *.Cu *.Mask)
      (net 102 "Net-(J2-Pad13)"))
    (pad 14 thru_hole oval (at 2.54 -15.24) (size 1.7 1.7) (drill 1) (layers *.Cu *.Mask)
      (net 103 "Net-(J2-Pad14)"))
    (pad 15 thru_hole oval (at 0 -17.78) (size 1.7 1.7) (drill 1) (layers *.Cu *.Mask)
      (net 104 "Net-(J2-Pad15)"))
    (pad 16 thru_hole oval (at 2.54 -17.78) (size 1.7 1.7) (drill 1) (layers *.Cu *.Mask)
      (net 105 "Net-(J2-Pad16)"))
    (pad 17 thru_hole oval (at 0 -20.32) (size 1.7 1.7) (drill 1) (layers *.Cu *.Mask)
      (net 106 "Net-(J2-Pad17)"))
    (pad 18 thru_hole oval (at 2.54 -20.32) (size 1.7 1.7) (drill 1) (layers *.Cu *.Mask)
      (net 107 "Net-(J2-Pad18)"))
    (pad 19 thru_hole oval (at 0 -22.86) (size 1.7 1.7) (drill 1) (layers *.Cu *.Mask)
      (net 108 "Net-(J2-Pad19)"))
    (pad 20 thru_hole oval (at 2.54 -22.86) (size 1.7 1.7) (drill 1) (layers *.Cu *.Mask)
      (net 109 "Net-(J2-Pad20)"))
    (pad 21 thru_hole oval (at 0 -25.4) (size 1.7 1.7) (drill 1) (layers *.Cu *.Mask)
      (net 110 "Net-(J2-Pad21)"))
    (pad 22 thru_hole oval (at 2.54 -25.4) (size 1.7 1.7) (drill 1) (layers *.Cu *.Mask)
      (net 111 "Net-(J2-Pad22)"))
    (pad 23 thru_hole oval (at 0 -27.94) (size 1.7 1.7) (drill 1) (layers *.Cu *.Mask)
      (net 112 "Net-(J2-Pad23)"))
    (pad 24 thru_hole oval (at 2.54 -27.94) (size 1.7 1.7) (drill 1) (layers *.Cu *.Mask)
      (net 113 "Net-(J2-Pad24)"))
    (pad 25 thru_hole oval (at 0 -30.48) (size 1.7 1.7) (drill 1) (layers *.Cu *.Mask)
      (net 114 "Net-(J2-Pad25)"))
    (pad 26 thru_hole oval (at 2.54 -30.48) (size 1.7 1.7) (drill 1) (layers *.Cu *.Mask)
      (net 115 "Net-(J2-Pad26)"))
    (pad 27 thru_hole oval (at 0 -33.02) (size 1.7 1.7) (drill 1) (layers *.Cu *.Mask)
      (net 116 "Net-(J2-Pad27)"))
    (pad 28 thru_hole oval (at 2.54 -33.02) (size 1.7 1.7) (drill 1) (layers *.Cu *.Mask)
      (net 117 "Net-(J2-Pad28)"))
    (pad 29 thru_hole oval (at 0 -35.56) (size 1.7 1.7) (drill 1) (layers *.Cu *.Mask)
      (net 118 "Net-(J2-Pad29)"))
    (pad 30 thru_hole oval (at 2.54 -35.56) (size 1.7 1.7) (drill 1) (layers *.Cu *.Mask)
      (net 119 "Net-(J2-Pad30)"))
    (pad 31 thru_hole oval (at 0 -38.1) (size 1.7 1.7) (drill 1) (layers *.Cu *.Mask)
      (net 120 "Net-(J2-Pad31)"))
    (pad 32 thru_hole oval (at 2.54 -38.1) (size 1.7 1.7) (drill 1) (layers *.Cu *.Mask)
      (net 121 "Net-(J2-Pad32)"))
    (pad 33 thru_hole oval (at 0 -40.64) (size 1.7 1.7) (drill 1) (layers *.Cu *.Mask)
      (net 122 "Net-(J2-Pad33)"))
    (pad 34 thru_hole oval (at 2.54 -40.64) (size 1.7 1.7) (drill 1) (layers *.Cu *.Mask)
      (net 123 "Net-(J2-Pad34)"))
    (pad 35 thru_hole oval (at 0 -43.18) (size 1.7 1.7) (drill 1) (layers *.Cu *.Mask)
      (net 124 "Net-(J2-Pad35)"))
    (pad 36 thru_hole oval (at 2.54 -43.18) (size 1.7 1.7) (drill 1) (layers *.Cu *.Mask)
      (net 125 "Net-(J2-Pad36)"))
    (pad 37 thru_hole oval (at 0 -45.72) (size 1.7 1.7) (drill 1) (layers *.Cu *.Mask)
      (net 126 "Net-(J2-Pad37)"))
    (pad 38 thru_hole oval (at 2.54 -45.72) (size 1.7 1.7) (drill 1) (layers *.Cu *.Mask)
      (net 127 "Net-(J2-Pad38)"))
    (pad 39 thru_hole oval (at 0 -48.26) (size 1.7 1.7) (drill 1) (layers *.Cu *.Mask)
      (net 128 "Net-(J2-Pad39)"))
    (pad 40 thru_hole oval (at 2.54 -48.26) (size 1.7 1.7) (drill 1) (layers *.Cu *.Mask)
      (net 129 "Net-(J2-Pad40)"))
    (pad 41 thru_hole oval (at 0 -50.8) (size 1.7 1.7) (drill 1) (layers *.Cu *.Mask)
      (net 130 "Net-(J2-Pad41)"))
    (pad 42 thru_hole oval (at 2.54 -50.8) (size 1.7 1.7) (drill 1) (layers *.Cu *.Mask)
      (net 131 "Net-(J2-Pad42)"))
    (pad 43 thru_hole oval (at 0 -53.34) (size 1.7 1.7) (drill 1) (layers *.Cu *.Mask)
      (net 132 "Net-(J2-Pad43)"))
    (pad 44 thru_hole oval (at 2.54 -53.34) (size 1.7 1.7) (drill 1) (layers *.Cu *.Mask)
      (net 133 "Net-(J2-Pad44)"))
    (pad 45 thru_hole oval (at 0 -55.88) (size 1.7 1.7) (drill 1) (layers *.Cu *.Mask)
      (net 134 "Net-(J2-Pad45)"))
    (pad 46 thru_hole oval (at 2.54 -55.88) (size 1.7 1.7) (drill 1) (layers *.Cu *.Mask)
      (net 135 "Net-(J2-Pad46)"))
    (pad 47 thru_hole oval (at 0 -58.42) (size 1.7 1.7) (drill 1) (layers *.Cu *.Mask)
      (net 136 "Net-(J2-Pad47)"))
    (pad 48 thru_hole oval (at 2.54 -58.42) (size 1.7 1.7) (drill 1) (layers *.Cu *.Mask)
      (net 137 "Net-(J2-Pad48)"))
    (pad 49 thru_hole oval (at 0 -60.96) (size 1.7 1.7) (drill 1) (layers *.Cu *.Mask)
      (net 138 "Net-(J2-Pad49)"))
    (pad 50 thru_hole oval (at 2.54 -60.96) (size 1.7 1.7) (drill 1) (layers *.Cu *.Mask)
      (net 139 "Net-(J2-Pad50)"))
    (pad 51 thru_hole oval (at 0 -63.5) (size 1.7 1.7) (drill 1) (layers *.Cu *.Mask)
      (net 140 "Net-(J2-Pad51)"))
    (pad 52 thru_hole oval (at 2.54 -63.5) (size 1.7 1.7) (drill 1) (layers *.Cu *.Mask)
      (net 141 "Net-(J2-Pad52)"))
    (pad 53 thru_hole oval (at 0 -66.04) (size 1.7 1.7) (drill 1) (layers *.Cu *.Mask)
      (net 142 "Net-(J2-Pad53)"))
    (pad 54 thru_hole oval (at 2.54 -66.04) (size 1.7 1.7) (drill 1) (layers *.Cu *.Mask)
      (net 143 "Net-(J2-Pad54)"))
    (pad 55 thru_hole oval (at 0 -68.58) (size 1.7 1.7) (drill 1) (layers *.Cu *.Mask)
      (net 144 "Net-(J2-Pad55)"))
    (pad 56 thru_hole oval (at 2.54 -68.58) (size 1.7 1.7) (drill 1) (layers *.Cu *.Mask)
      (net 145 "Net-(J2-Pad56)"))
    (pad 57 thru_hole oval (at 0 -71.12) (size 1.7 1.7) (drill 1) (layers *.Cu *.Mask)
      (net 146 "Net-(J2-Pad57)"))
    (pad 58 thru_hole oval (at 2.54 -71.12) (size 1.7 1.7) (drill 1) (layers *.Cu *.Mask)
      (net 147 "Net-(J2-Pad58)"))
    (pad 59 thru_hole oval (at 0 -73.66) (size 1.7 1.7) (drill 1) (layers *.Cu *.Mask)
      (net 148 "Net-(J2-Pad59)"))
    (pad 60 thru_hole oval (at 2.54 -73.66) (size 1.7 1.7) (drill 1) (layers *.Cu *.Mask)
      (net 149 "Net-(J2-Pad60)"))
    (model ${KISYS3DMOD}/Connector_PinHeader_2.54mm.3dshapes/PinHeader_2x30_P2.54mm_Vertical.wrl
      (at (xyz 0 0 0))
      (scale (xyz 1 1 1))
      (rotate (xyz 0 0 0))
    )
  )

  (module Connector_PinHeader_2.54mm:PinHeader_2x05_P2.54mm_Vertical (layer F.Cu) (tedit 59FED5CC) (tstamp 5C2525D8)
    (at 146.05 114.3 90)
    (descr "Through hole straight pin header, 2x05, 2.54mm pitch, double rows")
    (tags "Through hole pin header THT 2x05 2.54mm double row")
    (path /5C243B4D/5C2453E2)
    (fp_text reference J1 (at 5.08 10.16) (layer F.SilkS)
      (effects (font (size 1 1) (thickness 0.15)))
    )
    (fp_text value Conn_02x05_Odd_Even (at 1.27 12.49 90) (layer F.Fab)
      (effects (font (size 1 1) (thickness 0.15)))
    )
    (fp_line (start 0 -1.27) (end 3.81 -1.27) (layer F.Fab) (width 0.1))
    (fp_line (start 3.81 -1.27) (end 3.81 11.43) (layer F.Fab) (width 0.1))
    (fp_line (start 3.81 11.43) (end -1.27 11.43) (layer F.Fab) (width 0.1))
    (fp_line (start -1.27 11.43) (end -1.27 0) (layer F.Fab) (width 0.1))
    (fp_line (start -1.27 0) (end 0 -1.27) (layer F.Fab) (width 0.1))
    (fp_line (start -1.33 11.49) (end 3.87 11.49) (layer F.SilkS) (width 0.12))
    (fp_line (start -1.33 1.27) (end -1.33 11.49) (layer F.SilkS) (width 0.12))
    (fp_line (start 3.87 -1.33) (end 3.87 11.49) (layer F.SilkS) (width 0.12))
    (fp_line (start -1.33 1.27) (end 1.27 1.27) (layer F.SilkS) (width 0.12))
    (fp_line (start 1.27 1.27) (end 1.27 -1.33) (layer F.SilkS) (width 0.12))
    (fp_line (start 1.27 -1.33) (end 3.87 -1.33) (layer F.SilkS) (width 0.12))
    (fp_line (start -1.33 0) (end -1.33 -1.33) (layer F.SilkS) (width 0.12))
    (fp_line (start -1.33 -1.33) (end 0 -1.33) (layer F.SilkS) (width 0.12))
    (fp_line (start -1.8 -1.8) (end -1.8 11.95) (layer F.CrtYd) (width 0.05))
    (fp_line (start -1.8 11.95) (end 4.35 11.95) (layer F.CrtYd) (width 0.05))
    (fp_line (start 4.35 11.95) (end 4.35 -1.8) (layer F.CrtYd) (width 0.05))
    (fp_line (start 4.35 -1.8) (end -1.8 -1.8) (layer F.CrtYd) (width 0.05))
    (fp_text user %R (at 1.27 5.08 180) (layer F.Fab)
      (effects (font (size 1 1) (thickness 0.15)))
    )
    (pad 1 thru_hole rect (at 0 0 90) (size 1.7 1.7) (drill 1) (layers *.Cu *.Mask)
      (net 91 +12V))
    (pad 2 thru_hole oval (at 2.54 0 90) (size 1.7 1.7) (drill 1) (layers *.Cu *.Mask)
      (net 91 +12V))
    (pad 3 thru_hole oval (at 0 2.54 90) (size 1.7 1.7) (drill 1) (layers *.Cu *.Mask)
      (net 19 GND))
    (pad 4 thru_hole oval (at 2.54 2.54 90) (size 1.7 1.7) (drill 1) (layers *.Cu *.Mask)
      (net 19 GND))
    (pad 5 thru_hole oval (at 0 5.08 90) (size 1.7 1.7) (drill 1) (layers *.Cu *.Mask)
      (net 19 GND))
    (pad 6 thru_hole oval (at 2.54 5.08 90) (size 1.7 1.7) (drill 1) (layers *.Cu *.Mask)
      (net 19 GND))
    (pad 7 thru_hole oval (at 0 7.62 90) (size 1.7 1.7) (drill 1) (layers *.Cu *.Mask)
      (net 19 GND))
    (pad 8 thru_hole oval (at 2.54 7.62 90) (size 1.7 1.7) (drill 1) (layers *.Cu *.Mask)
      (net 19 GND))
    (pad 9 thru_hole oval (at 0 10.16 90) (size 1.7 1.7) (drill 1) (layers *.Cu *.Mask)
      (net 93 -12V))
    (pad 10 thru_hole oval (at 2.54 10.16 90) (size 1.7 1.7) (drill 1) (layers *.Cu *.Mask)
      (net 93 -12V))
    (model ${KISYS3DMOD}/Connector_PinHeader_2.54mm.3dshapes/PinHeader_2x05_P2.54mm_Vertical.wrl
      (at (xyz 0 0 0))
      (scale (xyz 1 1 1))
      (rotate (xyz 0 0 0))
    )
  )

  (module Capacitor_SMD:C_0603_1608Metric (layer F.Cu) (tedit 5B301BBE) (tstamp 5C245AF5)
    (at 147.32 91.44 180)
    (descr "Capacitor SMD 0603 (1608 Metric), square (rectangular) end terminal, IPC_7351 nominal, (Body size source: http://www.tortai-tech.com/upload/download/2011102023233369053.pdf), generated with kicad-footprint-generator")
    (tags capacitor)
    (path /5C243B4D/5C246EA0)
    (attr smd)
    (fp_text reference C3 (at -2.54 -1.27 180) (layer F.SilkS)
      (effects (font (size 1 1) (thickness 0.15)))
    )
    (fp_text value "1uF 25V" (at 0 1.43 180) (layer F.Fab)
      (effects (font (size 1 1) (thickness 0.15)))
    )
    (fp_line (start -0.8 0.4) (end -0.8 -0.4) (layer F.Fab) (width 0.1))
    (fp_line (start -0.8 -0.4) (end 0.8 -0.4) (layer F.Fab) (width 0.1))
    (fp_line (start 0.8 -0.4) (end 0.8 0.4) (layer F.Fab) (width 0.1))
    (fp_line (start 0.8 0.4) (end -0.8 0.4) (layer F.Fab) (width 0.1))
    (fp_line (start -0.162779 -0.51) (end 0.162779 -0.51) (layer F.SilkS) (width 0.12))
    (fp_line (start -0.162779 0.51) (end 0.162779 0.51) (layer F.SilkS) (width 0.12))
    (fp_line (start -1.48 0.73) (end -1.48 -0.73) (layer F.CrtYd) (width 0.05))
    (fp_line (start -1.48 -0.73) (end 1.48 -0.73) (layer F.CrtYd) (width 0.05))
    (fp_line (start 1.48 -0.73) (end 1.48 0.73) (layer F.CrtYd) (width 0.05))
    (fp_line (start 1.48 0.73) (end -1.48 0.73) (layer F.CrtYd) (width 0.05))
    (fp_text user %R (at 0 0 180) (layer F.Fab)
      (effects (font (size 0.4 0.4) (thickness 0.06)))
    )
    (pad 1 smd roundrect (at -0.7875 0 180) (size 0.875 0.95) (layers F.Cu F.Paste F.Mask) (roundrect_rratio 0.25)
      (net 91 +12V))
    (pad 2 smd roundrect (at 0.7875 0 180) (size 0.875 0.95) (layers F.Cu F.Paste F.Mask) (roundrect_rratio 0.25)
      (net 19 GND))
    (model ${KISYS3DMOD}/Capacitor_SMD.3dshapes/C_0603_1608Metric.wrl
      (at (xyz 0 0 0))
      (scale (xyz 1 1 1))
      (rotate (xyz 0 0 0))
    )
  )

  (module Capacitor_SMD:C_0603_1608Metric (layer F.Cu) (tedit 5B301BBE) (tstamp 5C252647)
    (at 143.0275 91.44)
    (descr "Capacitor SMD 0603 (1608 Metric), square (rectangular) end terminal, IPC_7351 nominal, (Body size source: http://www.tortai-tech.com/upload/download/2011102023233369053.pdf), generated with kicad-footprint-generator")
    (tags capacitor)
    (path /5C243B4D/5C2441A0)
    (attr smd)
    (fp_text reference C2 (at -2.0575 1.27) (layer F.SilkS)
      (effects (font (size 1 1) (thickness 0.15)))
    )
    (fp_text value "1uF 6.3V" (at 0 1.43) (layer F.Fab)
      (effects (font (size 1 1) (thickness 0.15)))
    )
    (fp_text user %R (at 0 0) (layer F.Fab)
      (effects (font (size 0.4 0.4) (thickness 0.06)))
    )
    (fp_line (start 1.48 0.73) (end -1.48 0.73) (layer F.CrtYd) (width 0.05))
    (fp_line (start 1.48 -0.73) (end 1.48 0.73) (layer F.CrtYd) (width 0.05))
    (fp_line (start -1.48 -0.73) (end 1.48 -0.73) (layer F.CrtYd) (width 0.05))
    (fp_line (start -1.48 0.73) (end -1.48 -0.73) (layer F.CrtYd) (width 0.05))
    (fp_line (start -0.162779 0.51) (end 0.162779 0.51) (layer F.SilkS) (width 0.12))
    (fp_line (start -0.162779 -0.51) (end 0.162779 -0.51) (layer F.SilkS) (width 0.12))
    (fp_line (start 0.8 0.4) (end -0.8 0.4) (layer F.Fab) (width 0.1))
    (fp_line (start 0.8 -0.4) (end 0.8 0.4) (layer F.Fab) (width 0.1))
    (fp_line (start -0.8 -0.4) (end 0.8 -0.4) (layer F.Fab) (width 0.1))
    (fp_line (start -0.8 0.4) (end -0.8 -0.4) (layer F.Fab) (width 0.1))
    (pad 2 smd roundrect (at 0.7875 0) (size 0.875 0.95) (layers F.Cu F.Paste F.Mask) (roundrect_rratio 0.25)
      (net 19 GND))
    (pad 1 smd roundrect (at -0.7875 0) (size 0.875 0.95) (layers F.Cu F.Paste F.Mask) (roundrect_rratio 0.25)
      (net 92 +3V3))
    (model ${KISYS3DMOD}/Capacitor_SMD.3dshapes/C_0603_1608Metric.wrl
      (at (xyz 0 0 0))
      (scale (xyz 1 1 1))
      (rotate (xyz 0 0 0))
    )
  )

  (module Capacitor_SMD:C_0603_1608Metric (layer F.Cu) (tedit 5B301BBE) (tstamp 5C245A1F)
    (at 147.32 109.22)
    (descr "Capacitor SMD 0603 (1608 Metric), square (rectangular) end terminal, IPC_7351 nominal, (Body size source: http://www.tortai-tech.com/upload/download/2011102023233369053.pdf), generated with kicad-footprint-generator")
    (tags capacitor)
    (path /5C243B4D/5C2441F8)
    (attr smd)
    (fp_text reference C1 (at 0 -1.43) (layer F.SilkS)
      (effects (font (size 1 1) (thickness 0.15)))
    )
    (fp_text value "1uF 25V" (at 0 1.43) (layer F.Fab)
      (effects (font (size 1 1) (thickness 0.15)))
    )
